36 40.40593596065746
18 84.04925604427562
36 31.155811870799344
54 16.842551175285788
72 10.886816950405345
90 8.760210710413316
100 6.365868680617389
112 6.870770805022296
119 6.077445128384759
126 6.421236655291389
133 5.74302150221432
140 5.694876236074111
147 5.705618479672601
154 5.678035287296071
161 5.718076257144704
168 5.800391295376946
175 5.774713558309219
182 6.006106825435863
189 5.7745446317336135
196 5.790544594035429
203 6.022846853031831
210 5.810833061442656
216 5.89114572020138
234 5.771036134046667
252 6.049431702669929
270 5.945267859627219
288 5.894720526302562
306 5.69651283937342
329 5.799851894378662
100 40.70485459005473
100 40.65741791395505
100 31.344507217407227
6572 2.7008501529693603
13144 2.7217883110046386
19716 2.5703360557556154
26288 2.7128557205200194
32860 2.704446029663086
39432 2.8246880531311036
42048 3.094270706176758
131494 5.1647345314563164
131967 3.9048362663933927
132440 3.672561553582339
132913 3.894315156298624
133386 3.5748788533915934
133623 3.7837635526354885
133812 3.9513605106884326
134001 3.592339983708422
134190 3.6861347039820442
134379 3.5511560880802047
134568 3.4308448765479342
134757 3.3595634014673634
134946 3.623086520064045
135135 3.506672697168001
135324 3.475772083645136
135513 3.4147226625764873
135702 3.3991297911590252
135891 3.463814736671851
136080 3.3685355450905545
136269 3.2997193072043673
136458 3.3289795946067486
136697 3.3151655650474656
137170 3.3878517977788416
137643 3.3941983190220846
138116 3.467897391235325
138589 3.435399742613376
139062 3.768636215740526
139482 3.660265267315045
139671 3.732830441753629
139860 3.5435179069008624
140049 3.5221424640064507
140238 3.5531310653182824
140427 3.3323095957158317
140616 3.3839557821482
140805 3.381009149299541
140994 3.4224731195980396
141183 3.5131437094278737
141372 3.3964261408423035
141561 3.382087616013809
141750 3.4410749963471585
141939 3.380119587334109
142128 3.3499887463912157
142373 3.3750596638296693
142846 3.400366102725687
143319 3.4180670082569122
143792 3.423006752427195
144265 3.442157498547729
144738 3.4943448065871925
145152 3.4006373063779214
145341 3.5960199215882263
145530 3.6038912379405867
145719 3.4767436586635214
145908 3.6341364480240244
146097 3.499548400791598
146286 3.5725280718064645
146475 3.414692134504587
146664 3.5421751943272604
146853 3.5432862265848777
147042 3.536448076577254
147231 3.441126371773196
147420 3.459334586707639
147609 3.5371700286025733
147798 3.415174238698583
148049 3.3949045337421793
131340 5.374399786299848
131539 3.9800131606294755
131970 3.8232546195070793
132468 3.777863236183816
132966 3.6067362478438842
133464 3.5590676741397127
133962 3.9310151693668773
134460 3.3763453136099146
134723 3.9197432145159294
134922 3.439881238531559
135121 3.479574349332363
135320 3.5062502153376314
135519 3.3841735118247094
135718 3.4835568190889155
135917 3.4243666402837065
136116 3.56144150901348
136315 3.3694630068667393
136514 3.516865188771106
136713 3.4867497479661984
136912 3.450187360352658
137111 3.420464185324121
137310 3.456439256033999
137509 3.43332698370548
137946 3.429083898346475
138444 3.456637015368076
138942 3.622810423374176
139440 3.5226086371756615
139938 3.5499023084944867
140436 3.645170689897334
140693 3.6160168362424727
140892 3.6004245921652367
141091 3.5243255159956344
141290 3.654889625437716
141489 3.534014601656731
141688 3.569606954747058
141887 3.691618376589836
142086 3.675895073312394
142285 3.637252321902742
142484 3.6630585903817034
142683 3.6957299760047424
142882 3.6645753206090723
143081 3.6399626960145666
143280 3.6606337821229977
143479 3.6565047464472182
143922 3.609506731337689
144420 3.6689631254115005
144918 3.715059996919429
145416 3.680086189127983
145914 3.6958870532664845
146412 3.772743114765654
146663 4.419355625801898
146862 3.800060920258786
147061 3.6418774711324815
147260 3.65168160834211
147459 3.709726189045196
147658 3.772607374698558
147857 3.685606262785323
148056 3.7756656636583044
148255 3.8185780200552433
148454 3.7614337662433055
148653 3.919161671019615
148852 3.7327313118792596
149051 3.9102978363950203
149250 3.878644198813337
131584 4.487619276316661
132096 4.427152613423905
132430 3.9504821412968187
132635 3.6872681806672296
132840 3.856284757830062
133045 3.336820955546397
133250 3.7770374316089557
133455 4.061481059722181
133660 3.7492112281187526
133865 3.583053031057682
134070 3.7316819901736276
134275 3.5304663901059135
134480 3.6826871633529663
134685 3.5590532410819575
134890 3.5595261015981996
135095 3.4856969185595243
135300 3.777872533168433
135680 3.628041811709134
136192 nan
136704 nan
137216 nan
131418 4.210473453297334
131516 3.7290902085164013
131614 3.4873116314411163
131712 3.5265481279176822
131810 3.202528452171999
131908 3.237843048923156
132006 3.1812963135102215
132104 3.163800165933721
132202 3.111609481713351
132300 3.0679329721366657
132545 3.0825302355429707
132790 3.092668452683617
133035 3.434758715769824
131418 3.8950642277212704
131516 3.591227634864695
131614 3.3695338368415833
131712 3.4676935339675232
131810 3.36101456600077
131908 3.2754484642954433
132006 3.1377428787596084
132104 3.169055700302124
132202 3.0991094883750465
132300 3.016757919507868
132545 3.100330657818738
132790 3.1189788352040684
133035 3.246493528870975
133280 3.1378921498270596
133525 3.1567007934345916
133770 3.1236254678053013
133868 3.2423013010445763
133966 3.304994951276218
134064 3.1510304335285637
134162 3.1348868363043842
134260 3.136652450351154
134358 3.5530494311276604
134456 3.3589723916614758
134554 3.3828585463411667
134652 3.1398621148922863
134750 3.1647667043349323
134848 3.0753652856630436
134946 3.149312056162778
135044 3.0312936113161197
135142 3.021226144888822
135240 3.0223086371141323
135485 3.0627786289243137
135730 3.02790430188179
135975 3.0900558443630444
136220 3.229663436903673
136465 3.2295194022795735
136710 3.20657717480379
136808 3.1082965433597565
136906 3.1358958377557644
137004 3.301153161946465
137102 3.1257092584581936
137200 3.5795429313884064
137298 3.2088945174918457
137396 3.132738537648145
137494 3.093230691026239
137592 3.080939636510961
137690 3.0952865183353424
137788 3.07821181065896
137886 3.094280358623056
137984 3.077188162242665
138082 3.0791745887083164
138180 3.125831456745372
138425 3.047172346535851
138670 3.168326793348088
138915 3.2206781401353726
139160 3.035585261443082
139405 3.1645117963061615
139650 3.375941190649481
139748 3.070093594929751
139846 3.1439916491508484
139944 3.0597995274207173
140042 3.021306830293992
140140 3.0958120735252606
131376 0.41266730427742004
